(B[m[38;2;179;210;231m██████████████████████████████████[48;2;179;210;231m[38;2;119;94;69m𜺠𜷥(B[m[38;2;119;94;69m█████████████████████[48;2;119;94;69m[38;2;89;54;19m𜺠𜷡[48;2;179;210;231m▘(B[m[38;2;179;210;231m████████████████████(B[m
(B[m[38;2;179;210;231m█████████████████████████████████[48;2;179;210;231m[38;2;65;46;31m𜴘[48;2;119;94;69m𜷞𜶻𜺣[38;2;89;54;19m▂▂𜴧𜴉(B[m[38;2;119;94;69m███████████████[48;2;119;94;69m[38;2;89;54;19m𜷓𜴗𜺨(B[m[38;2;179;210;231m█████████████████████(B[m
(B[m[38;2;179;210;231m██████████████████████████████████[48;2;179;210;231m[38;2;65;46;31m𜺠𜷡[48;2;119;94;69m𜴏(B[m[38;2;119;94;69m█████████████████[48;2;119;94;69m[38;2;89;54;19m𜺠𜴖𜺨(B[m[38;2;119;94;69m██[48;2;179;210;231m▌(B[m[38;2;179;210;231m████████████████████(B[m
[48;2;139;170;185m[38;2;179;210;231m▀𜴦🮅🮅🮅𜴗▀▀🮂🮂🮂🮂   𜺫🮂🮂🮂🮂𜴅▀▀▀▀▀▀▀🮅🮅🮅🮅🮅𜶫[48;2;179;210;231m[38;2;65;46;31m𜺫[48;2;119;94;69m𜴂(B[m[38;2;119;94;69m█████████████████[48;2;119;94;69m[38;2;89;54;19m𜴐𜺨(B[m[38;2;119;94;69m█████[48;2;179;210;231m𜺣[48;2;139;170;185m[38;2;179;210;231m█𜵰🮅🮅🮅🮅🮅🮅🮅🮅▀▀▀▀▀▀▀▀🮅(B[m
(B[m[38;2;139;170;185m██████████████████████████████████[48;2;139;170;185m[38;2;119;94;69m▟[48;2;119;94;69m[38;2;229;184;109m𜺠▂▂▄▄▆▆(B[m[38;2;229;184;109m█[48;2;119;94;69m𜷤𜶻(B[m[38;2;119;94;69m███████████████[48;2;139;170;185m𜷀(B[m[38;2;139;170;185m███████████████████(B[m
(B[m[38;2;139;170;185m████████████████████████████████[48;2;139;170;185m[38;2;229;184;109m𜶙𜷥(B[m[38;2;229;184;109m███████████[48;2;89;54;19m𜷤𜷞𜺣[38;2;119;94;69m  𜺫🮂🮂🮂🮂🮂𜴅▀▀▀▀[48;2;139;170;185m[38;2;89;54;19m▖(B[m[38;2;139;170;185m██████████████████(B[m
(B[m[38;2;139;170;185m█████████████████████████████████[48;2;139;170;185m[38;2;229;184;109m▜(B[m[38;2;229;184;109m██[48;2;229;184;109m[38;2;149;124;79m 𜺠▂▂𜷋▄▄𜷡▆▆[48;2;89;54;19m🮅𜴗𜴀[38;2;119;94;69m           [48;2;139;170;185m[38;2;89;54;19m𜴗(B[m[38;2;139;170;185m███████████████████(B[m
(B[m[38;2;139;170;185m██████████████████████████████████[48;2;139;170;185m[38;2;149;124;79m▜(B[m[38;2;149;124;79m███[48;2;139;170;185m🮅🮅▀▀🮂𜺨(B[m[38;2;139;170;185m██[48;2;139;170;185m[38;2;89;54;19m🮂🮂▀▀🮅🮅𜶫(B[m[38;2;89;54;19m█████[48;2;139;170;185m𜵰𜴂(B[m[38;2;139;170;185m████████████████████(B[m
[48;2;69;110;155m[38;2;139;170;185m🮅🮅𜴗▀🮂🮂🮂🮂🮂▀▀▀🮅🮅🮅🮅🮅🮅𜶫██████🮅🮅🮅🮅🮅🮅🮅🮅██[48;2;139;170;185m[38;2;149;124;79m🮂[48;2;69;110;155m[38;2;139;170;185m██🮅🮅🮅🮅🮅▀▀▀▀𜴦🮅🮅🮅🮅██[48;2;139;170;185m[38;2;89;54;19m𜺫🮂𜴅▀𜺨[48;2;69;110;155m[38;2;139;170;185m█🮅🮅🮅𜴗▀▀𜴦🮅🮅🮅𜶫████𜵰🮅🮅𜴗▀(B[m
(B[m[38;2;69;110;155m███████████████████████████████████████████████████[48;2;69;110;155m[38;2;23;49;38m▂[38;2;53;79;44m▂(B[m[38;2;69;110;155m█[48;2;69;110;155m[38;2;23;49;38m𜺠▂▂𜺣(B[m[38;2;69;110;155m██████████████████████(B[m
[48;2;39;78;155m[38;2;69;110;155m🮅🮅𜴗▀▀▀▀𜴦🮅🮅████████🮅🮅🮅🮅𜴗▀▀▀▀▀▀🮅🮅🮅🮅🮅🮅𜶫█[48;2;69;110;155m[38;2;53;79;44m𜺠▂▂𜷋▄▄𜶻𜷋▆▄𜶻𜷡[48;2;23;49;38m𜶻𜷋𜷥[48;2;53;79;44m[38;2;147;179;59m𜺣[48;2;23;49;38m[38;2;53;79;44m▆𜷡[48;2;53;79;44m[38;2;147;179;59m▂[48;2;23;49;38m[38;2;53;79;44m𜷞▂𜷋[48;2;69;110;155m▆𜷞▂𜷋𜷡▆𜶻[48;2;39;78;155m[38;2;69;110;155m█🮅𜴗▀▀▀▀▀▀𜴦🮅🮅██(B[m
(B[m[38;2;39;78;155m██████████████[48;2;39;78;155m[38;2;58;100;106m▂▂▂▂(B[m[38;2;39;78;155m███████████████[48;2;39;78;155m[38;2;53;79;44m𜺠𜷡𜷞𜷓[48;2;53;79;44m[38;2;147;179;59m𜴘𜴹𜴐𜴀𜵑 𜵸𜴶𜺨 𜴉 𜴐 𜺫  𜺫    𜴁   𜴁𜺨𜴉[48;2;23;49;38m[38;2;53;79;44m𜷞▂[48;2;39;78;155m[38;2;23;49;38m𜷤𜷞𜷋𜶻(B[m[38;2;39;78;155m████████(B[m
(B[m[38;2;39;78;155m███[48;2;39;78;155m[38;2;58;100;106m𜺠▂▂▄𜷡▆𜷥(B[m[38;2;58;100;106m██████████[48;2;39;78;155m▆▆▄𜺣(B[m[38;2;39;78;155m█████[48;2;39;78;155m[38;2;53;79;44m𜺠▄𜶻𜷥[48;2;53;79;44m[38;2;147;179;59m𜺠𜴃🮂 𜵴𜴘      [48;2;23;49;38m[38;2;53;79;44m𜵰▀▀🮂▀𜴂𜴢𜴂▝🮂[38;2;47;39;38m𜴃𜴘[38;2;68;95;57m [38;2;53;79;44m𜴅𜴗🮂[38;2;47;39;38m𜺣[38;2;53;79;44m🮂𜴦[48;2;53;79;44m[38;2;147;179;59m  𜴆  [48;2;23;49;38m[38;2;53;79;44m𜴔𜶨[48;2;53;79;44m[38;2;147;179;59m𜴐[48;2;39;78;155m[38;2;23;49;38m𜷤𜷞𜷋𜶻(B[m[38;2;39;78;155m████(B[m
[48;2;39;78;155m[38;2;58;100;106m▄▆(B[m[38;2;58;100;106m███████████████████████[48;2;39;78;155m▆▄▂[38;2;53;79;44m▗𜷥[48;2;53;79;44m[38;2;147;179;59m𜴃 𜴉▘ 𜴧𜴀𜺫 [48;2;23;49;38m[38;2;53;79;44m𜴏[38;2;47;39;38m𜴉𜺣𜺠𜴐[38;2;53;79;44m𜴢[38;2;47;39;38m𜺠 𜴘𜴀𜺣𜴜 𜴾𜺣𜴋𜴽𜷣𜵲𜴘𜴹𜴊▖🯦𜴀𜴉𜺣𜴀𜴐𜺣𜶽𜺣[38;2;53;79;44m𜺫▘[38;2;47;39;38m𜴐𜺠𜺣[48;2;39;78;155m[38;2;23;49;38m𜷤𜷡𜶿(B[m[38;2;39;78;155m█(B[m
(B[m[38;2;58;100;106m███████████████████████████[48;2;58;100;106m[38;2;53;79;44m𜺠[48;2;53;79;44m[38;2;147;179;59m𜴘[48;2;23;49;38m[38;2;53;79;44m▛🮂[38;2;47;39;38m 𜴉[38;2;53;79;44m𜴂[38;2;47;39;38m𜺣𜺫𜶀𜴉[38;2;53;79;44m𜴅[38;2;68;95;57m [38;2;47;39;38m𜴀▟[48;2;99;87;81m▜[48;2;23;49;38m𜺫𜵑𜴀𜴋𜷑[38;2;68;95;57m [48;2;99;87;81m[38;2;47;39;38m𜶘[48;2;23;49;38m𜴁𜷙𜴋[48;2;99;87;81m▜[48;2;23;49;38m▟[38;2;68;95;57m [48;2;47;39;38m [48;2;23;49;38m[38;2;47;39;38m𜴆𜴃𜷢[48;2;99;87;81m𜶫[48;2;23;49;38m 𜷤𜴄𜷣[38;2;48;64;31m▂[38;2;47;39;38m𜶭[48;2;47;39;38m[38;2;68;95;57m [48;2;23;49;38m[38;2;48;64;31m▂[48;2;99;87;81m[38;2;47;39;38m▜[48;2;23;49;38m𜶳𜷢[38;2;48;64;31m▂[38;2;47;39;38m𜴷𜷥𜷟𜴃[48;2;47;39;38m[38;2;23;49;38m𜴓[48;2;23;49;38m[38;2;47;39;38m𜴀[48;2;39;78;155m[38;2;23;49;38m𜵈(B[m
(B[m[38;2;58;100;106m███████[48;2;50;76;69m𜵰🮅🮅▀▀▀𜴂🮂🮂🮂🮂▀▀▀🮅🮅𜶫(B[m[38;2;58;100;106m███[48;2;58;100;106m[38;2;53;79;44m▐[48;2;23;49;38m[38;2;47;39;38m𜴃𜴉𜴉𜷣𜺨𜶂𜵕𜴑𜷤𜴜𜵈[48;2;99;87;81m▐[48;2;23;49;38m𜶳[48;2;47;39;38m[38;2;48;64;31m▂[48;2;99;87;81m[38;2;47;39;38m▐[48;2;23;49;38m[38;2;48;64;31m▂[48;2;47;39;38m[38;2;68;95;57m [48;2;23;49;38m[38;2;48;64;31m▄▄[48;2;47;39;38m▂[48;2;23;49;38m▄[48;2;99;87;81m[38;2;47;39;38m▐[48;2;23;49;38m[38;2;48;64;31m▄[48;2;47;39;38m▂[48;2;23;49;38m▆[48;2;99;87;81m[38;2;47;39;38m▐[48;2;47;39;38m[38;2;48;64;31m▄[48;2;23;49;38m▆[48;2;47;39;38m▂[48;2;23;49;38m𜷥[48;2;68;95;57m█[48;2;47;39;38m▆[48;2;99;87;81m[38;2;47;39;38m▐[48;2;68;95;57m[38;2;48;64;31m█[48;2;47;39;38m▄[48;2;68;95;57m█[48;2;47;39;38m▆[48;2;68;95;57m██[48;2;47;39;38m▆[48;2;68;95;57m███[48;2;47;39;38m▆[48;2;68;95;57m██[48;2;47;39;38m▂[48;2;99;87;81m[38;2;47;39;38m▐[48;2;68;95;57m[38;2;48;64;31m█[48;2;47;39;38m▄[48;2;68;95;57m██(B[m
(B[m[38;2;88;115;97m███[48;2;58;100;106m▆▆▆[48;2;50;76;69m▆▆▄▄▄▄▂▂𜺣[38;2;238;200;16m𜴃𜴃 𜴉𜴉𜺣𜺣  [38;2;58;100;106m𜺫𜴅𜴦[48;2;58;100;106m[38;2;23;49;38m𜺫[48;2;23;49;38m[38;2;68;95;57m [38;2;47;39;38m𜷤[38;2;48;64;31m𜺠[48;2;99;87;81m[38;2;47;39;38m▐[48;2;23;49;38m[38;2;48;64;31m▂▄[48;2;99;87;81m[38;2;47;39;38m▐[48;2;23;49;38m[38;2;48;64;31m▆[48;2;47;39;38m▄𜷀𜷕[48;2;68;95;57m██[48;2;48;64;31m[38;2;68;95;57m▂▂𜷋▄▂▂  ▂▄𜶻▂▂𜷋▄𜺣 𜺠▂𜷋𜷡𜷞𜶻▂▄▄▆▆𜷞▄▄𜶻▂𜷋▄▄▆𜷥(B[m[38;2;68;95;57m█(B[m
(B[m[38;2;88;115;97m█████████████████[48;2;50;76;69m▆▆▄▄𜶻▂[38;2;238;200;16m𜴚[38;2;68;95;57m𜺠𜷋𜷡[48;2;58;100;106m▆[48;2;48;64;31m𜶻[48;2;47;39;38m[38;2;48;64;31m▆[48;2;48;64;31m[38;2;68;95;57m ▂▄▂▂[48;2;68;95;57m[38;2;48;64;31m█[48;2;48;64;31m[38;2;68;95;57m▂𜷋▄▄𜷥(B[m[38;2;68;95;57m███████████████████████████████████████(B[m
[48;2;88;115;97m[38;2;108;135;108m██𜷤▆▆▆▆▆▆𜷞▄▄▄▄𜶻▂▂▂▂(B[m[38;2;88;115;97m██[48;2;88;115;97m[38;2;68;95;57m▂𜷡(B[m[38;2;68;95;57m████████████████████[48;2;68;95;57m[38;2;118;145;97m   ▂▂▂▂▂𜷋▄▄▄▄▄▄𜷡▆▆▆▆▆▆▆▆▆▆▆██████████(B[m
(B[m[38;2;108;135;108m█████████████████[48;2;108;135;108m[38;2;68;95;57m𜺠▄▆(B[m[38;2;68;95;57m██████[48;2;68;95;57m[38;2;118;145;97m▂▂𜷋▄▄▄▄𜷡▆▆▆▆▆▆████████████████████████████████████████(B[m
